my_var1 <- 42
my_var2 <- 35.25
my_var3 <- my_var1 ^ 2 + my_var2 ^ 2
my_var3 
my_var3 > 300
