my_var1 <- 42
my_var2 <- 35.25
my_var3 <- my_var1 ^ 2 + my_var2 ^ 2
my_var3 
my_var3 > 300


my_vector1 <- 1:60
my_vector2 <- c(-32, 43, 0, 0.21, -4, 21, 1, 0)

my_vector2[1]
